412
282

412
219

412
159

343
159

265
159

181
15984
180

94
145

136
115

433
106

610
151

610
106

610
67

610
67

610
67

610
67

610
67

610
67

610
67

610
67

610
67

610
67

610
67

610
67

610
67

610
67

592
112

592
112

592
112

592
112

592
112

592
112

592
112

592
112

592
112

592
112

592
112

592
112

592
112

592
112

592
112

592
112

196
541

229
541

244
562

544
478

502
478

772
325

772
361

772
454

736
382

736
382

736
382

736
382

778
382

778
382

778
382

778
382

778
382

778
382

778
382

